NAMA            NIM        IPK        
Afrizal         2          34.00      
                6422172    0.00       
                6422172    0.00       
                6422172    0.00       
                6422172    0.00       
                6422172    0.00       
                6422172    0.00       
                6422172    0.00       
                6422172    0.00       
                6422172    0.00       
                6422172    0.00       
                6422172    0.00       
                6422172    0.00       
                6422172    0.00       
                6422172    0.00       
                6422172    0.00       
                6422172    0.00       
                6422172    0.00       
                6422172    0.00       
                6422172    0.00       
                6422172    0.00       
                6422172    0.00       
                6422172    0.00       
                6422172    0.00       
                6422172    0.00       
                6422172    0.00       
                6422172    0.00       
                6422172    0.00       
                6422172    0.00       
                6422172    0.00       
                6422172    0.00       
                6422172    0.00       
                6422172    0.00       
                6422172    0.00       
                6422172    0.00       
                6422172    0.00       
                6422172    0.00       
                6422172    0.00       
                6422172    0.00       
                6422172    0.00       
                6422172    0.00       
                6422172    0.00       
                6422172    0.00       
                6422172    0.00       
                6422172    0.00       
                6422172    0.00       
                6422172    0.00       
                6422172    0.00       
                6422172    0.00       
                6422172    0.00       
                6422172    0.00       
                6422172    0.00       
                6422172    0.00       
                6422172    0.00       
                6422172    0.00       
                6422172    0.00       
                6422172    0.00       
                6422172    0.00       
                6422172    0.00       
                6422172    0.00       
                6422172    0.00       
                6422172    0.00       
                6422172    0.00       
                6422172    0.00       
                6422172    0.00       
                6422172    0.00       
                6422172    0.00       
                6422172    0.00       
                6422172    0.00       
                6422172    0.00       
                6422172    0.00       
                6422172    0.00       
                6422172    0.00       
                6422172    0.00       
                6422172    0.00       
                6422172    0.00       
                6422172    0.00       
                6422172    0.00       
                6422172    0.00       
                6422172    0.00       
                6422172    0.00       
                6422172    0.00       
                6422172    0.00       
                6422172    0.00       
                6422172    0.00       
                6422172    0.00       
                6422172    0.00       
                6422172    0.00       
                6422172    0.00       
                6422172    0.00       
                6422172    0.00       
                6422172    0.00       
                6422172    0.00       
                6422172    0.00       
                6422172    0.00       
                6422172    0.00       
                6422172    0.00       
                6422172    0.00       
                6422172    0.00       
                6422172    0.00       
                6422172    0.00       
                6422172    0.00       
                6422172    0.00       
                6422172    0.00       
                6422172    0.00       
                6422172    0.00       
                6422172    0.00       
                6422172    0.00       
                6422172    0.00       
                6422172    0.00       
                6422172    0.00       
                6422172    0.00       
                6422172    0.00       
                6422172    0.00       
                6422172    0.00       
                6422172    0.00       
                6422172    0.00       
                6422172    0.00       
                6422172    0.00       
                6422172    0.00       
                6422172    0.00       
                6422172    0.00       
                6422172    0.00       
                6422172    0.00       
                6422172    0.00       
                6422172    0.00       
                6422172    0.00       
                6422172    0.00       
                6422172    0.00       
                6422172    0.00       
                6422172    0.00       
                6422172    0.00       
                6422172    0.00       
                6422172    0.00       
                6422172    0.00       
                6422172    0.00       
                6422172    0.00       
                6422172    0.00       
                6422172    0.00       
                6422172    0.00       
                6422172    0.00       
                6422172    0.00       
                6422172    0.00       
